0:1,7,0,0,0
1:0,7,1,1,1
2:1,7,2,2,2
3:0,7,3,3,3
4:1,7,4,4,4
5:0,7,5,5,5
6:1,7,6,6,6
7:0,7,7,7,7
8:0,6,0,8,8
9:1,6,1,9,9
10:0,6,2,10,10
11:1,6,3,11,11
12:0,6,4,12,12
13:1,6,5,13,13
14:0,6,6,14,14
15:1,6,7,15,15
16:1,5,0,16,32
17:0,5,1,17,32
18:1,5,2,18,32
19:0,5,3,19,32
20:1,5,4,20,32
21:0,5,5,21,32
22:1,5,6,22,32
23:0,5,7,23,32
24:0,4,0,24,32
25:1,4,1,25,32
26:0,4,2,26,32
27:1,4,3,27,32
28:0,4,4,28,32
29:1,4,5,29,32
30:0,4,6,30,32
31:1,4,7,31,32
32:1,3,0,32,32
33:0,3,1,33,32
34:1,3,2,34,32
35:0,3,3,35,32
36:1,3,4,36,32
37:0,3,5,37,32
38:1,3,6,38,32
39:0,3,7,39,32
40:0,2,0,40,32
41:1,2,1,41,32
42:0,2,2,42,32
43:1,2,3,43,32
44:0,2,4,44,32
45:1,2,5,45,32
46:0,2,6,46,32
47:1,2,7,47,32
48:1,1,0,48,16
49:0,1,1,49,17
50:1,1,2,50,18
51:0,1,3,51,19
52:1,1,4,52,20
53:0,1,5,53,21
54:1,1,6,54,22
55:0,1,7,55,23
56:0,0,0,56,24
57:1,0,1,57,25
58:0,0,2,58,26
59:1,0,3,59,27
60:0,0,4,60,28
61:1,0,5,61,29
62:0,0,6,62,30
63:1,0,7,63,31
